20  10
40    28    33    16     5     2     2     3     9    48
20    15    19    47    14    45    38    35    20    47
13    38    41    22    41    46    26     3    42     3
21    10    27    10     2    40    24     4    41    37
5     35    18    46    47     5    46    27     4    14
7     10    47    49    37    14    31     5    20    22
48    19    44    22    25    17    31    41    27    28
48    32    28     6    29    34    43    41    21    48
29    40    32    13    12     7    41    37    33    21
3     5     30    21    23    37    29     8    32    50
12    47    11    30    49     6    10    33    15    16
18    39    16    14    28    33    12    26    22    36
42    25    24    31    27    25    45    49     1    34
1     22    12    36    12    39     2    33    50    27
3     23    43    12    25    36    25    41     9    35
9     16    10     6    32    46     9    23     6    34
33    26    12    15    34    45    49    22    19     9
37    26     9    16    20    17    36    42    10     7
33    41    12    22    19    35    26     5    25    50
23    40    22    26    50    10    24     7    17     9
1   3
2   -1   2
